166081
203515
115627
641919
1434948
1819233
586253
1225041
590397
1229506
1906898
1012737
1689087
1912892
1329273
1585833
1968275
1430640
618244
89186
446621
442540
198828
1089542
1644035
1327840
1785629
1042582
606459
1683165
1150458
638405
1086844
1073837
906166
496264
574862
929460
278766
1971853
412399
859503
443407
369975
102848
710423
213554
1368052
2467
659039
1038811
1214769
1621574
437190
1506325
1408561
1354884
605978
1629917
546016
1535465
123446
779114
925065
1932630
114219
1288668
1823864
289731
715142
1629251
1808462
399981
1475604
612540
279427
1203762
976614
901181
47625
616911
1931440
815014
1815584
1429783
1081204
163888
585862
1501029
82689
1191168
955568
377951
121886
1617548
1377138
14224
1006177
218098
864557
