1041790
1793955
996542
1485411
1619131
1152154
518293
637772
891967
439195
745828
306724
1131959
946143
418360
1655927
1767622
1533738
795417
755655
1573246
383549
670046
837395
1040108
1117223
1222515
5226
801400
557767
150483
1744468
133958
1057569
1794021
108225
1858458
335912
1907635
1014608
1619667
1001063
1611608
524017
740741
959882
670695
785299
551807
1913060
1531067
1991533
1803898
1963033
1933514
1348897
1632602
1106537
358866
1143048
1414233
708623
1222640
1575706
254811
319732
1623780
1848047
1710070
1324813
1604457
1693817
1892603
1951322
866505
148354
1520067
251874
1165645
145662
1083126
521514
978167
1018975
42771
1040499
1050245
1485237
369556
871119
589278
1555930
1988848
1975022
1768695
36909
214747
945404
1142043
1273610
