1436513
1727000
663340
649232
174195
881288
1511095
870763
553509
438917
1479311
643509
1583704
1896688
595954
927462
271567
148954
1984066
1133142
1144546
1281368
1976305
440068
936453
709131
1280245
297465
56692
628272
753066
329611
1993600
567022
1579803
612929
355913
1799598
797107
1179000
79626
407049
950551
673138
296800
959720
855278
534407
1503380
263391
197080
761839
35187
1093567
620647
876718
751899
645802
996942
1831143
1476419
1905522
1219229
1930882
221429
16078
1330213
601607
1661250
1134023
1958772
1373523
92543
1349069
693050
1824032
645377
1202211
1647410
395050
180612
1845036
305963
1833795
1428538
1405514
811858
523382
1059646
923862
520299
1269926
1024937
116719
266944
1315365
1315287
636013
980899
316009
