252811
730999
542451
881095
1190777
930212
942483
760939
1231226
1665928
101590
526739
1450880
175001
1277851
330274
1358092
233261
1514652
74161
1981921
1677360
1919795
516507
1648720
72249
1604583
910627
1652772
1596062
1965891
248178
251694
1347226
704040
39037
778981
267934
1507569
1191937
1838136
1411140
325515
1807326
1820050
152848
1118369
21332
1297272
1475003
1990205
93735
1635922
1764768
785746
530757
136273
1983930
277189
53027
1900757
1001902
1141459
1095553
92937
1814092
1981304
1867945
517818
1100957
74095
1164055
1293038
23933
894951
151741
954720
1117540
1626030
1021869
1506927
619973
682225
1173764
297748
547416
1090437
318660
68220
719485
1020255
792888
976846
1656594
115392
1873354
644801
1310708
1534055
565189
