480567
1469115
634661
688119
1242686
1831081
1565398
41290
668379
129763
309582
1618755
1354542
656758
1297163
1230734
705782
151111
1948302
252191
1665849
1618306
684409
640098
1160613
1421710
1198999
780905
1319445
513795
1171048
1038386
1527180
1417730
1173372
607691
874005
1942329
1098468
711156
1450854
941884
209995
82853
1346771
184865
223357
337304
1216030
1274079
1016315
1519395
171135
1022039
19918
434460
998895
1529926
127128
1513610
1673804
1186187
1060682
1963618
814891
1946742
1688219
1277136
1905573
730341
1867172
501798
191284
1875622
123265
1223759
1071057
1412259
1981453
1803364
1915656
1860901
600306
1767079
1374570
1560413
198148
1887655
227141
197652
1754817
1864200
847355
991472
989574
788736
254513
1928268
392043
454742
