70414
304990
130400
528436
1423419
288008
119223
883078
505105
368288
1200980
1520994
848711
823101
500158
734552
1043875
1995206
1144449
796934
1552517
655512
1727345
314161
295545
516731
577836
1855014
1319069
1025705
1997437
1491261
944217
403032
475572
71079
1842345
1718780
1617443
1650522
1862179
244157
1032523
956783
768565
501020
304203
1935052
1742227
342149
361792
1879089
1449459
1884469
77660
1995290
1526020
1374158
1039689
1551285
1313334
1989661
1348704
1895608
1256249
1717458
56879
249420
1098956
947246
788913
1206548
853994
716606
1623153
1525182
993281
1035490
1957909
878580
1866722
676333
448976
229508
1563567
690048
1713540
1918861
1376678
73076
1835712
406871
270886
296754
918497
1237534
1298073
521463
1690451
1889143
