1953012
540570
860629
523049
774828
1125497
996988
1775928
1932203
798561
1101008
761411
1466709
434759
452031
332240
1209391
1286609
1306933
1791522
1147812
1713760
1325563
1137887
1893794
430725
719285
852252
1723961
1252176
252954
436597
1833490
718361
1921765
1767032
1869607
200512
819383
1071491
445455
1448531
915830
9166
1113639
944027
1408446
1277875
1505866
1790694
1406650
1479467
1128520
1126507
1494025
882885
164245
253003
1185703
143968
1061006
967856
1394092
1545155
268131
1108891
822932
238649
1537177
548691
219061
1420192
984046
1559732
595828
847884
1385321
716150
615917
134609
10340
580717
973195
835113
107939
1146537
1400189
254759
1613651
338112
1443600
17851
135544
843981
1053392
1442589
1257991
1208686
895410
1445079
