1144024
993046
61918
1746234
200969
24493
751131
1224985
414105
1146546
1117088
681108
187317
1805966
1982541
137366
591415
378695
137570
888203
537637
1215073
1290089
304321
103109
1220556
1168522
963980
387954
1048005
1414717
995601
1332402
807104
845438
1251633
1930607
448710
1202962
699639
1532792
1386190
772656
1203637
75417
259970
1126597
593935
791054
1885282
663929
354252
1282177
602701
306216
1549569
104320
1489092
1698456
1251531
1551339
854003
1559926
574201
1069110
415499
1998449
885207
1384652
1849238
1173226
1454540
832733
1740305
602073
1051055
185688
872674
139212
1059120
814689
406012
1115864
23342
683184
1165988
1630442
474765
894209
372103
209588
1370179
589119
954383
833521
330478
1926964
1432198
1036899
939972
