1515403
1938161
1574377
1724736
1466580
636738
1913847
700424
1827910
1288350
1059669
599212
862136
1156487
1175341
1451230
1638164
1330427
1665173
1607371
1573159
303596
1486940
1014537
710949
1035806
1241623
782876
1514543
1629483
1124052
650624
182065
1934993
1725180
1360749
1845939
1091626
553417
1229977
181795
143251
1751069
461597
827388
1639355
941993
1096358
1902099
425059
1176896
1690294
1625750
1283948
423531
1315933
1908278
858837
1276234
1570573
1170211
1745816
464939
995449
88583
1203946
1559488
1926337
235452
888431
1019796
307488
408050
760302
1705842
1553530
1034877
317875
497140
680118
42648
1545235
1391827
560791
1581306
328706
1530130
1136690
657480
1040054
1962212
997655
557722
1015718
213566
141186
774147
1940181
1181023
39593
