860419
918627
452744
1132267
1375633
1935491
627449
1182960
1338855
907455
1253422
528240
1709498
1030136
1944632
687817
86414
1296573
300947
302404
289521
362367
997525
1805055
413261
1967531
1789982
1234070
972115
1017275
1747851
1649695
1152351
1234999
1045036
203120
1056700
1398747
1453851
1150720
983309
924978
911397
299722
99413
1470687
1357678
240667
1715012
466465
1738327
708460
1035619
1098408
20372
497275
346356
1559482
955657
1113435
1074284
26798
355970
1898040
486599
1218037
543643
1737590
952787
431376
1721314
1009268
1877890
947987
234019
259515
105686
1734175
1903809
957556
411442
10591
1551455
1252630
89736
1687990
1582682
349405
824655
1813942
238026
1632091
2243
128664
1948177
1540691
48893
881160
1585488
122527
